520.51001
521.52002
531.690002
535.22998
537.840027
540.47998
538.190002
536.690002
536.72998
529.26001
528.150024
527.200012
532.330017
534.609985
536.690002
526.690002
526.830017
533.330017
536.700012
540.309998
539.179993
533.98999
532.109985
539.780029
539.789978
532.320007
540.109985
542.51001
539.27002
537.359985
532.299988
533.849976
538.400024
529.619995
529.039978
535.700012
538.219971
530.700012
524.219971
530.799988
540.780029
537.900024
537.340027
549.080017
553.679993
555.369995
565.062561
547.002472
539.367458
533.972413
535.382408
524.052386
533.802391
532.532429
530.392405
539.172404
540.012477
540.782472
541.612446
537.022465
536.767432
535.532478
542.562439
548.002468
552.032502
548.342512
555.172522
558.787478
570.192597
558.81251
560.362537
557.992512
559.502513
550.842532
554.512509
547.322503
555.512505
551.182515
555.012538
568.852557
567.687558
575.332609
573.372583
573.64261
571.342601
558.402572
555.482516
543.872489
536.092424
531.912381
538.952441
542.872432
539.702422
542.842504
549.012501
542.932472
535.972405
536.942412
527.832406
531.002415
527.582391
522.762349
529.2424
528.482381
534.522445
510.662331
510.002318
518.63237
535.212448
539.952437
534.39245
518.042312
506.902294
508.082288
501.792271
500.872267
496.182251
492.552209
496.172274
502.682255
501.102268
501.962262
513.872306
524.812404